49
GA54827    0.000000000 0.031400561 0.000090791 0.000050204 0.000298309 0.000043533 0.000045562 0.000044300 0.000929822 0.000026305 0.001234010 0.001027674 0.001137049 0.030984760 0.030973630 0.031069546 0.030983416 0.001134872 0.030983460 0.030982730 0.029868922 0.030978130 0.030984634 0.027104059 0.001029221 0.030978379 0.030984509 0.001042098 0.030983977 0.030977046 0.031025547 0.031013698 0.031301805 0.000927796 0.030972109 0.000929811 0.030977828 0.031367482 0.001141680 0.001140469 0.031001939 0.000926950 0.001356742 0.031323199 0.031321465 0.030999906 0.001129422 0.001126281 0.030322560 
GA60748    0.031400561 0.000000000 0.030931615 0.030966720 0.031454027 0.031344944 0.030953966 0.031160068 0.031877938 0.031012172 0.031728411 0.032026675 0.031946341 0.000009131 0.000007839 0.000043493 0.000008479 0.031559917 0.000008489 0.000007829 0.006995397 0.000015664 0.000007829 0.001122226 0.031489666 0.000009148 0.000009131 0.032041747 0.000009130 0.000009131 0.000033386 0.000018919 0.000007169 0.031474926 0.000009137 0.031689354 0.000009129 0.000022141 0.031284617 0.031699810 0.000024832 0.032016890 0.031793024 0.000013691 0.000016310 0.000009791 0.031298610 0.031584954 0.000207664 
GA67073    0.000090791 0.030931615 0.000000000 0.000038835 0.000366491 0.000050207 0.000050173 0.000051640 0.000998519 0.000088219 0.001286413 0.001081898 0.001212374 0.030871016 0.030894376 0.030932376 0.030869678 0.001188715 0.030802235 0.030827253 0.029861596 0.030832512 0.030828009 0.026545024 0.001082198 0.030798836 0.030805289 0.001114228 0.030898781 0.030805011 0.030817196 0.030833681 0.030823117 0.000979834 0.030892889 0.000980663 0.030831334 0.030835196 0.001194867 0.001228526 0.030873321 0.000981186 0.001414909 0.030905065 0.030834394 0.030921817 0.001183392 0.001179508 0.030216333 
GA71389    0.000050204 0.030966720 0.000038835 0.000000000 0.000319312 0.000004606 0.000004607 0.000005278 0.000948679 0.000048270 0.001254680 0.001054395 0.001158141 0.030935287 0.030931967 0.030999250 0.030935566 0.001155146 0.030866372 0.030867802 0.029924449 0.030863287 0.030866944 0.026605955 0.001055438 0.030855245 0.030861595 0.001061279 0.030930068 0.030867299 0.030876953 0.030892452 0.030867102 0.000949793 0.030930463 0.000953512 0.030868753 0.030865684 0.001161188 0.001174303 0.030938432 0.000951830 0.001386544 0.030951335 0.030873636 0.030966330 0.001151814 0.001151694 0.030256677 
GA71621    0.000298309 0.031454027 0.000366491 0.000319312 0.000000000 0.000316631 0.000320066 0.000316646 0.000895202 0.000300086 0.001195914 0.000994044 0.001100022 0.031428753 0.031427122 0.031516058 0.031427394 0.001103769 0.031359326 0.031358124 0.029885320 0.031366552 0.031358890 0.026974872 0.001155892 0.031345991 0.031361749 0.001166161 0.031430868 0.031361467 0.031399636 0.031380439 0.031354077 0.000903426 0.031415003 0.000894468 0.031362185 0.031366790 0.001107065 0.001101206 0.031457653 0.000895539 0.001322555 0.031437754 0.031365810 0.031443966 0.001094690 0.001090292 0.030725097 
GA71663    0.000043533 0.031344944 0.000050207 0.000004606 0.000316631 0.000000000 0.000001316 0.000001977 0.000946260 0.000041639 0.001252704 0.001048530 0.001154200 0.030927514 0.030925319 0.031013624 0.030927793 0.001154374 0.030927291 0.030927990 0.029918241 0.030925319 0.030927129 0.027096395 0.001047968 0.030923976 0.030930213 0.001058971 0.030929426 0.030929933 0.030962980 0.030953384 0.031260637 0.000944982 0.030923819 0.000948647 0.030930723 0.031314808 0.001160427 0.001173459 0.030957610 0.000947024 0.001378880 0.031274087 0.031265463 0.030959690 0.001147977 0.001145918 0.030319323 
GA74349    0.000045562 0.030953966 0.000050173 0.000004607 0.000320066 0.000001316 0.000000000 0.000001978 0.000951157 0.000043623 0.001255714 0.001049810 0.001161116 0.030920115 0.030917913 0.031006120 0.030920394 0.001158137 0.030919883 0.030920854 0.029912300 0.030924617 0.030919993 0.026666807 0.001051762 0.030916565 0.030922812 0.001063990 0.030922289 0.030922532 0.030962515 0.030951789 0.030915102 0.000949863 0.030916417 0.000950326 0.030923322 0.030926089 0.001164200 0.001163825 0.030949054 0.000949762 0.001378777 0.030927438 0.030926489 0.030945347 0.001149588 0.001148838 0.030330642 
GA76006    0.000044300 0.031160068 0.000051640 0.000005278 0.000316646 0.000001977 0.000001978 0.000000000 0.000948776 0.000042404 0.001253883 0.001049511 0.001159020 0.030742992 0.030740587 0.030826524 0.030741655 0.001159192 0.030741413 0.030740728 0.029730305 0.030740587 0.030742622 0.026886280 0.001052530 0.030737951 0.030744552 0.001061568 0.030743794 0.030744273 0.030776916 0.030764950 0.031076837 0.000947498 0.030739164 0.000952941 0.030745093 0.031128500 0.001163039 0.001159547 0.030769266 0.000951258 0.001382664 0.031089192 0.031080330 0.030773964 0.001150625 0.001148551 0.030139812 
GA78317    0.000929822 0.031877938 0.000998519 0.000948679 0.000895202 0.000946260 0.000951157 0.000948776 0.000000000 0.000926848 0.000269062 0.000091686 0.000188223 0.031462913 0.031461330 0.031551150 0.031461561 0.000188999 0.031393872 0.031396179 0.030105241 0.031395444 0.031396942 0.027263369 0.000694377 0.031390944 0.031396242 0.000417907 0.031468564 0.031395961 0.031435254 0.031424820 0.031719766 0.000010475 0.031459608 0.000009096 0.031396670 0.031783426 0.000191394 0.000189614 0.031456936 0.000011747 0.000380306 0.031802115 0.031720419 0.031491956 0.000187688 0.000185955 0.030441656 
GA78869    0.000026305 0.031012172 0.000088219 0.000048270 0.000300086 0.000041639 0.000043623 0.000042404 0.000926848 0.000000000 0.001271200 0.001024625 0.001176534 0.030976521 0.030945643 0.031038785 0.030975180 0.001132759 0.030976356 0.030955898 0.029825189 0.030974902 0.030956657 0.026576567 0.001027337 0.030971280 0.030977413 0.001065771 0.030976883 0.030969964 0.030997511 0.030986811 0.030962257 0.000969184 0.030963890 0.000925810 0.030970454 0.030976038 0.001143129 0.001143552 0.030960422 0.000926136 0.001395460 0.030964097 0.030974706 0.030992484 0.001167095 0.001125836 0.030323076 
GA79872    0.001234010 0.031728411 0.001286413 0.001254680 0.001195914 0.001252704 0.001255714 0.001253883 0.000269062 0.001271200 0.000000000 0.000355775 0.000084881 0.031318186 0.031288668 0.031355030 0.031316839 0.000085621 0.031249290 0.031220264 0.029990928 0.031248260 0.031221024 0.027403667 0.000989557 0.031246251 0.031251822 0.000724595 0.031320731 0.031251543 0.031229339 0.031243724 0.031578239 0.000274137 0.031315476 0.000272067 0.031251687 0.031631249 0.000087558 0.000085606 0.031285643 0.000277418 0.000159301 0.031633295 0.031575543 0.031349794 0.000085115 0.000084317 0.030290809 
GA81213    0.001027674 0.032026675 0.001081898 0.001054395 0.000994044 0.001048530 0.001049810 0.001049511 0.000091686 0.001024625 0.000355775 0.000000000 0.000274561 0.031614294 0.031604496 0.031681468 0.031612936 0.000275364 0.031543874 0.031542894 0.030245917 0.031534690 0.031544811 0.027424514 0.000789348 0.031539139 0.031544161 0.000323227 0.031613739 0.031536743 0.031553103 0.031567828 0.031865611 0.000094514 0.031602712 0.000093082 0.031538141 0.031917122 0.000277960 0.000284891 0.031574758 0.000097508 0.000471013 0.031958882 0.031871233 0.031637139 0.000276373 0.000274355 0.030579681 
GA81566    0.001137049 0.031946341 0.001212374 0.001158141 0.001100022 0.001154200 0.001161116 0.001159020 0.000188223 0.001176534 0.000084881 0.000274561 0.000000000 0.031926265 0.031897051 0.031988781 0.031924896 0.000002611 0.031927109 0.031897185 0.030445247 0.031934643 0.031897959 0.027259758 0.000900244 0.031924579 0.031928980 0.000639376 0.031928210 0.031928695 0.031938508 0.031925682 0.031921062 0.000196841 0.031923276 0.000188603 0.031928928 0.031929870 0.000008517 0.000005230 0.031918321 0.000193233 0.000191610 0.031902853 0.031925375 0.031951799 0.000004581 0.000003278 0.030968788 
GA81665    0.030984760 0.000009131 0.030871016 0.030935287 0.031428753 0.030927514 0.030920115 0.030742992 0.031462913 0.030976521 0.031318186 0.031614294 0.031926265 0.000000000 0.000000653 0.000000656 0.000000652 0.031530588 0.000000653 0.000002610 0.006969531 0.000005877 0.000002610 0.001117146 0.031453358 0.000001307 0.000001304 0.031626557 0.000003261 0.000001304 0.000011092 0.000011097 0.000002609 0.031053697 0.000001305 0.031661221 0.000002609 0.000014355 0.031256264 0.031652409 0.000001307 0.031605442 0.031763827 0.000007179 0.000009795 0.000005222 0.031270292 0.031171144 0.000186915 
GA81666    0.030973630 0.000007839 0.030894376 0.030931967 0.031427122 0.030925319 0.030917913 0.030740587 0.031461330 0.030945643 0.031288668 0.031604496 0.031897051 0.000000653 0.000000000 0.000013800 0.000000064 0.031529792 0.000000064 0.000001960 0.006919123 0.000001959 0.000001960 0.001123624 0.031444232 0.000003922 0.000003919 0.031614958 0.000005878 0.000000653 0.000026201 0.000010457 0.000001306 0.031023607 0.000000654 0.031651484 0.000001306 0.000010453 0.031255136 0.031659033 0.000015707 0.031604736 0.031725884 0.000006533 0.000008503 0.000003922 0.031240600 0.031160879 0.000185591 
GA83348    0.031069546 0.000043493 0.030932376 0.030999250 0.031516058 0.031013624 0.031006120 0.030826524 0.031551150 0.031038785 0.031355030 0.031681468 0.031988781 0.000000656 0.000013800 0.000000000 0.000000064 0.031597335 0.000000064 0.000015752 0.006974604 0.000037596 0.000015753 0.001127466 0.031520132 0.000000658 0.000000656 0.031705855 0.000016408 0.000000656 0.000010501 0.000032274 0.000015099 0.031089017 0.000014451 0.031728551 0.000015096 0.000046172 0.031321512 0.031742066 0.000000064 0.031672635 0.031803533 0.000020349 0.000022343 0.000017738 0.031306949 0.031236016 0.000186773 
GA83349    0.030983416 0.000008479 0.030869678 0.030935566 0.031427394 0.030927793 0.030920394 0.030741655 0.031461561 0.030975180 0.031316839 0.031612936 0.031924896 0.000000652 0.000000064 0.000000064 0.000000000 0.031529231 0.000000064 0.000001957 0.006972477 0.000005224 0.000001957 0.001119601 0.031451994 0.000000654 0.000000652 0.031625194 0.000002609 0.000000652 0.000010439 0.000010444 0.000001957 0.031052354 0.000000653 0.031659863 0.000001957 0.000013702 0.031254915 0.031651045 0.000000654 0.031604083 0.031762462 0.000006526 0.000009142 0.000004570 0.031268942 0.031169796 0.000186243 
GA83357    0.001134872 0.031559917 0.001188715 0.001155146 0.001103769 0.001154374 0.001158137 0.001159192 0.000188999 0.001132759 0.000085621 0.000275364 0.000002611 0.031530588 0.031529792 0.031597335 0.031529231 0.000000000 0.031461353 0.031460734 0.030436236 0.031464537 0.031461499 0.026855954 0.000895832 0.031458471 0.031463651 0.000615524 0.031533395 0.031463369 0.031476445 0.031490924 0.031456722 0.000193422 0.031528038 0.000189355 0.031464774 0.031467731 0.000007210 0.000007849 0.031499719 0.000193787 0.000192937 0.031538592 0.031460666 0.031556885 0.000005253 0.000003936 0.030504216 
GA83431    0.030983460 0.000008489 0.030802235 0.030866372 0.031359326 0.030927291 0.030919883 0.030741413 0.031393872 0.030976356 0.031249290 0.031543874 0.031927109 0.000000653 0.000000064 0.000000064 0.000000064 0.031461353 0.000000000 0.000001955 0.006969405 0.000005211 0.000001955 0.001116414 0.031454647 0.000000652 0.000000651 0.031557079 0.000002612 0.000000651 0.000010427 0.000010430 0.000001955 0.031053622 0.000000654 0.031592016 0.000001954 0.000013684 0.031186097 0.031590909 0.000000654 0.031604854 0.031764581 0.000006534 0.000009130 0.000004575 0.031270471 0.031102090 0.000185768 
GA83447    0.030982730 0.000007829 0.030827253 0.030867802 0.031358124 0.030927990 0.030920854 0.030740728 0.031396179 0.030955898 0.031220264 0.031542894 0.031897185 0.000002610 0.000001960 0.000015752 0.000001957 0.031460734 0.000001955 0.000000000 0.006923889 0.000001955 0.000000064 0.001116450 0.031453137 0.000002609 0.000002604 0.031549004 0.000000652 0.000002604 0.000023430 0.000007814 0.000001302 0.031024797 0.000002612 0.031590982 0.000003254 0.000007813 0.031185799 0.031581414 0.000017653 0.031603799 0.031735089 0.000006526 0.000010426 0.000003918 0.031241263 0.031101627 0.000185182 
GA83469    0.029868922 0.006995397 0.029861596 0.029924449 0.029885320 0.029918241 0.029912300 0.029730305 0.030105241 0.029825189 0.029990928 0.030245917 0.030445247 0.006969531 0.006919123 0.006974604 0.006972477 0.030436236 0.006969405 0.006923889 0.000000000 0.006975857 0.006924358 0.000034609 0.030632631 0.006956407 0.006977601 0.030388158 0.006977021 0.006971657 0.006940739 0.006943337 0.006969560 0.030121846 0.006954018 0.030296458 0.006971022 0.006967484 0.029960223 0.030245325 0.006968460 0.030302662 0.030454645 0.006932949 0.006955345 0.006980256 0.029952625 0.029853220 0.006728434 
GA83571    0.030978130 0.000015664 0.030832512 0.030863287 0.031366552 0.030925319 0.030924617 0.030740587 0.031395444 0.030974902 0.031248260 0.031534690 0.031934643 0.000005877 0.000001959 0.000037596 0.000005224 0.031464537 0.000005211 0.000001955 0.006975857 0.000000000 0.000001955 0.001125561 0.031450935 0.000009125 0.000009118 0.031560329 0.000009140 0.000005861 0.000028759 0.000013033 0.000003908 0.031059261 0.000005880 0.031581688 0.000005861 0.000013023 0.031190423 0.031598096 0.000020280 0.031604736 0.031754439 0.000006533 0.000013043 0.000006534 0.031269437 0.031091804 0.000193186 
GA83705    0.030984634 0.000007829 0.030828009 0.030866944 0.031358890 0.030927129 0.030919993 0.030742622 0.031396942 0.030956657 0.031221024 0.031544811 0.031897959 0.000002610 0.000001960 0.000015753 0.000001957 0.031461499 0.000001955 0.000000064 0.006924358 0.000001955 0.000000000 0.001116479 0.031453909 0.000002609 0.000002604 0.031549773 0.000000652 0.000002604 0.000023431 0.000007814 0.000001302 0.031025558 0.000002612 0.031591748 0.000003254 0.000007813 0.031187702 0.031582183 0.000017654 0.031605726 0.031735862 0.000006525 0.000010426 0.000003918 0.031242027 0.031102388 0.000185183 
GA83706    0.027104059 0.001122226 0.026545024 0.026605955 0.026974872 0.027096395 0.026666807 0.026886280 0.027263369 0.026576567 0.027403667 0.027424514 0.027259758 0.001117146 0.001123624 0.001127466 0.001119601 0.026855954 0.001116414 0.001116450 0.000034609 0.001125561 0.001116479 0.000000000 0.027061814 0.001099829 0.001117034 0.027445537 0.001120140 0.001121282 0.001129200 0.001131348 0.001118700 0.026972522 0.001107294 0.027060886 0.001122000 0.001115559 0.026992688 0.027023766 0.001125205 0.027544925 0.027243210 0.001126409 0.001125755 0.001127275 0.027036504 0.027305985 0.001304159 
GA83841    0.001029221 0.031489666 0.001082198 0.001055438 0.001155892 0.001047968 0.001051762 0.001052530 0.000694377 0.001027337 0.000989557 0.000789348 0.000900244 0.031453358 0.031444232 0.031520132 0.031451994 0.000895832 0.031454647 0.031453137 0.030632631 0.031450935 0.031453909 0.027061814 0.000000000 0.031449818 0.031454165 0.000865290 0.031454271 0.031446670 0.031469002 0.031483621 0.031439958 0.000694578 0.031441597 0.000693707 0.031448090 0.031451068 0.000900220 0.000902004 0.031446375 0.000691856 0.001109356 0.031461412 0.031460963 0.031469323 0.000896240 0.000896638 0.030487007 
GA83842A   0.030978379 0.000009148 0.030798836 0.030855245 0.031345991 0.030923976 0.030916565 0.030737951 0.031390944 0.030971280 0.031246251 0.031539139 0.031924579 0.000001307 0.000003922 0.000000658 0.000000654 0.031458471 0.000000652 0.000002609 0.006956407 0.000009125 0.000002609 0.001099829 0.031449818 0.000000000 0.000000064 0.031554264 0.000003267 0.000003259 0.000011087 0.000011086 0.000005867 0.031050413 0.000004573 0.031587316 0.000005865 0.000017597 0.031183001 0.031588121 0.000004583 0.031602074 0.031759950 0.000007192 0.000009790 0.000008498 0.031267430 0.031097095 0.000189936 
GA83842B   0.030984509 0.000009131 0.030805289 0.030861595 0.031361749 0.030930213 0.030922812 0.030744552 0.031396242 0.030977413 0.031251822 0.031544161 0.031928980 0.000001304 0.000003919 0.000000656 0.000000652 0.031463651 0.000000651 0.000002604 0.006977601 0.000009118 0.000002604 0.001117034 0.031454165 0.000000064 0.000000000 0.031559272 0.000003260 0.000003252 0.000011066 0.000011070 0.000005855 0.031056394 0.000004568 0.031592238 0.000005854 0.000017570 0.031188709 0.031585059 0.000004574 0.031606996 0.031764572 0.000007179 0.000009771 0.000008484 0.031272994 0.031102975 0.000189807 
GA83874    0.001042098 0.032041747 0.001114228 0.001061279 0.001166161 0.001058971 0.001063990 0.001061568 0.000417907 0.001065771 0.000724595 0.000323227 0.000639376 0.031626557 0.031614958 0.031705855 0.031625194 0.000615524 0.031557079 0.031549004 0.030388158 0.031560329 0.031549773 0.027445537 0.000865290 0.031554264 0.031559272 0.000000000 0.031632208 0.031558989 0.031588226 0.031577813 0.031883496 0.000449249 0.031623352 0.000419869 0.031559380 0.031949363 0.000617096 0.000614192 0.031653378 0.000424787 0.000845226 0.031956781 0.031892098 0.031655534 0.000638839 0.000611132 0.030602391 
GA83882    0.030983977 0.000009130 0.030898781 0.030930068 0.031430868 0.030929426 0.030922289 0.030743794 0.031468564 0.030976883 0.031320731 0.031613739 0.031928210 0.000003261 0.000005878 0.000016408 0.000002609 0.031533395 0.000002612 0.000000652 0.006977021 0.000009140 0.000000652 0.001120140 0.031454271 0.000003267 0.000003260 0.031632208 0.000000000 0.000006521 0.000024142 0.000008485 0.000005869 0.031056526 0.000006525 0.031661807 0.000007824 0.000015002 0.031257936 0.031654491 0.000022214 0.031606824 0.031764389 0.000007178 0.000011752 0.000008484 0.031272847 0.031171860 0.000190265 
GA87003    0.030977046 0.000009131 0.030805011 0.030867299 0.031361467 0.030929933 0.030922532 0.030744273 0.031395961 0.030969964 0.031251543 0.031536743 0.031928695 0.000001304 0.000000653 0.000000656 0.000000652 0.031463369 0.000000651 0.000002604 0.006971657 0.000005861 0.000002604 0.001121282 0.031446670 0.000003259 0.000003252 0.031558989 0.000006521 0.000000000 0.000011065 0.000011070 0.000002602 0.031056114 0.000001305 0.031584831 0.000002602 0.000014316 0.031188429 0.031584775 0.000001307 0.031606713 0.031757121 0.000007179 0.000009771 0.000005221 0.031272713 0.031095540 0.000186404 
GA87176    0.031025547 0.000033386 0.030817196 0.030876953 0.031399636 0.030962980 0.030962515 0.030776916 0.031435254 0.030997511 0.031229339 0.031553103 0.031938508 0.000011092 0.000026201 0.000010501 0.000010439 0.031476445 0.000010427 0.000023430 0.006940739 0.000028759 0.000023431 0.001129200 0.031469002 0.000011087 0.000011066 0.031588226 0.000024142 0.000011065 0.000000000 0.000000064 0.000022783 0.031040629 0.000026845 0.031600023 0.000027415 0.000015627 0.031202694 0.031622808 0.000010461 0.031614045 0.031744172 0.000016314 0.000022808 0.000025534 0.031250389 0.031110748 0.000183153 
GA87262    0.031013698 0.000018919 0.030833681 0.030892452 0.031380439 0.030953384 0.030951789 0.030764950 0.031424820 0.030986811 0.031243724 0.031567828 0.031925682 0.000011097 0.000010457 0.000032274 0.000010444 0.031490924 0.000010430 0.000007814 0.006943337 0.000013033 0.000007814 0.001131348 0.031483621 0.000011086 0.000011070 0.031577813 0.000008485 0.000011070 0.000000064 0.000000000 0.000007164 0.031055050 0.000011101 0.031614504 0.000011720 0.000000064 0.031215963 0.031636473 0.000010464 0.031627451 0.031760164 0.000000653 0.000007171 0.000009796 0.031264863 0.031125157 0.000183210 
GA87363    0.031301805 0.000007169 0.030823117 0.030867102 0.031354077 0.031260637 0.030915102 0.031076837 0.031719766 0.030962257 0.031578239 0.031865611 0.031921062 0.000002609 0.000001306 0.000015099 0.000001957 0.031456722 0.000001955 0.000001302 0.006969560 0.000003908 0.000001302 0.001118700 0.031439958 0.000005867 0.000005855 0.031883496 0.000005869 0.000002602 0.000022783 0.000007164 0.000000000 0.031379413 0.000002610 0.031584956 0.000000064 0.000010404 0.031182877 0.031577414 0.000016990 0.031936804 0.031756944 0.000007824 0.000009764 0.000005220 0.031272556 0.031425148 0.000184385 
GA87364    0.000927796 0.031474926 0.000979834 0.000949793 0.000903426 0.000944982 0.000949863 0.000947498 0.000010475 0.000969184 0.000274137 0.000094514 0.000196841 0.031053697 0.031023607 0.031089017 0.031052354 0.000193422 0.031053622 0.031024797 0.030121846 0.031059261 0.031025558 0.026972522 0.000694578 0.031050413 0.031056394 0.000449249 0.031056526 0.031056114 0.031040629 0.031055050 0.031379413 0.000000000 0.031050771 0.000011144 0.031057263 0.031445736 0.000193918 0.000198244 0.031055573 0.000009170 0.000385006 0.031363462 0.031391185 0.031079362 0.000191661 0.000190474 0.030094516 
GA87424    0.030972109 0.000009137 0.030892889 0.030930463 0.031415003 0.030923819 0.030916417 0.030739164 0.031459608 0.030963890 0.031315476 0.031602712 0.031923276 0.000001305 0.000000654 0.000014451 0.000000653 0.031528038 0.000000654 0.000002612 0.006954018 0.000005880 0.000002612 0.001107294 0.031441597 0.000004573 0.000004568 0.031623352 0.000006525 0.000001305 0.000026845 0.000011101 0.000002610 0.031050771 0.000000000 0.031649682 0.000002610 0.000014355 0.031253498 0.031649221 0.000017001 0.031602949 0.031752314 0.000007183 0.000009802 0.000005222 0.031267536 0.031159279 0.000187011 
GA87536    0.000929811 0.031689354 0.000980663 0.000953512 0.000894468 0.000948647 0.000950326 0.000952941 0.000009096 0.000925810 0.000272067 0.000093082 0.000188603 0.031661221 0.031651484 0.031728551 0.031659863 0.000189355 0.031592016 0.031590982 0.030296458 0.031581688 0.031591748 0.027060886 0.000693707 0.031587316 0.031592238 0.000419869 0.031661807 0.031584831 0.031600023 0.031614504 0.031584956 0.000011144 0.031649682 0.000000000 0.031586224 0.031582332 0.000192084 0.000190320 0.031621602 0.000014349 0.000382289 0.031675956 0.031591330 0.031685202 0.000190376 0.000188790 0.030629802 
GA87620    0.030977828 0.000009129 0.030831334 0.030868753 0.031362185 0.030930723 0.030923322 0.030745093 0.031396670 0.030970454 0.031251687 0.031538141 0.031928928 0.000002609 0.000001306 0.000015096 0.000001957 0.031464774 0.000001954 0.000003254 0.006971022 0.000005861 0.000003254 0.001122000 0.031448090 0.000005865 0.000005854 0.031559380 0.000007824 0.000002602 0.000027415 0.000011720 0.000000064 0.031057263 0.000002610 0.031586224 0.000000000 0.000014964 0.031189855 0.031585457 0.000016986 0.031608112 0.031758212 0.000007830 0.000009769 0.000005220 0.031273844 0.031096975 0.000186377 
GA87639    0.031367482 0.000022141 0.030835196 0.030865684 0.031366790 0.031314808 0.030926089 0.031128500 0.031783426 0.030976038 0.031631249 0.031917122 0.031929870 0.000014355 0.000010453 0.000046172 0.000013702 0.031467731 0.000013684 0.000007813 0.006967484 0.000013023 0.000007813 0.001115559 0.031451068 0.000017597 0.000017570 0.031949363 0.000015002 0.000014316 0.000015627 0.000000064 0.000010404 0.031445736 0.000014355 0.031582332 0.000014964 0.000000000 0.031192709 0.031612524 0.000029500 0.031987450 0.031756029 0.000000652 0.000010417 0.000013057 0.031270056 0.031477311 0.000186473 
GA87640    0.001141680 0.031284617 0.001194867 0.001161188 0.001107065 0.001160427 0.001164200 0.001163039 0.000191394 0.001143129 0.000087558 0.000277960 0.000008517 0.031256264 0.031255136 0.031321512 0.031254915 0.000007210 0.031186097 0.031185799 0.029960223 0.031190423 0.031187702 0.026992688 0.000900220 0.031183001 0.031188709 0.000617096 0.031257936 0.031188429 0.031202694 0.031215963 0.031182877 0.000193918 0.031253498 0.000192084 0.031189855 0.031192709 0.000000000 0.000009149 0.031257265 0.000196648 0.000079136 0.031264256 0.031193287 0.031281215 0.000005242 0.000004582 0.030225398 
GA87672    0.001140469 0.031699810 0.001228526 0.001174303 0.001101206 0.001173459 0.001163825 0.001159547 0.000189614 0.001143552 0.000085606 0.000284891 0.000005230 0.031652409 0.031659033 0.031742066 0.031651045 0.000007849 0.031590909 0.031581414 0.030245325 0.031598096 0.031582183 0.027023766 0.000902004 0.031588121 0.031585059 0.000614192 0.031654491 0.031584775 0.031622808 0.031636473 0.031577414 0.000198244 0.031649221 0.000190320 0.031585457 0.031612524 0.000009149 0.000000000 0.031703632 0.000194873 0.000202143 0.031683825 0.031589310 0.031678136 0.000005892 0.000004578 0.030629307 
GA87697    0.031001939 0.000024832 0.030873321 0.030938432 0.031457653 0.030957610 0.030949054 0.030769266 0.031456936 0.030960422 0.031285643 0.031574758 0.031918321 0.000001307 0.000015707 0.000000064 0.000000654 0.031499719 0.000000654 0.000017653 0.006968460 0.000020280 0.000017654 0.001125205 0.031446375 0.000004583 0.000004574 0.031653378 0.000022214 0.000001307 0.000010461 0.000010464 0.000016990 0.031055573 0.000017001 0.031621602 0.000016986 0.000029500 0.031257265 0.031703632 0.000000000 0.031606401 0.031757879 0.000022231 0.000024206 0.000019618 0.031272146 0.031164282 0.000185887 
GA87801    0.000926950 0.032016890 0.000981186 0.000951830 0.000895539 0.000947024 0.000949762 0.000951258 0.000011747 0.000926136 0.000277418 0.000097508 0.000193233 0.031605442 0.031604736 0.031672635 0.031604083 0.000193787 0.031604854 0.031603799 0.030302662 0.031604736 0.031605726 0.027544925 0.000691856 0.031602074 0.031606996 0.000424787 0.031606824 0.031606713 0.031614045 0.031627451 0.031936804 0.000009170 0.031602949 0.000014349 0.031608112 0.031987450 0.000196648 0.000194873 0.031606401 0.000000000 0.000386647 0.031949015 0.031941131 0.031637422 0.000194467 0.000193193 0.030646466 
GA87875    0.001356742 0.031793024 0.001414909 0.001386544 0.001322555 0.001378880 0.001378777 0.001382664 0.000380306 0.001395460 0.000159301 0.000471013 0.000191610 0.031763827 0.031725884 0.031803533 0.031762462 0.000192937 0.031764581 0.031735089 0.030454645 0.031754439 0.031735862 0.027243210 0.001109356 0.031759950 0.031764572 0.000845226 0.031764389 0.031757121 0.031744172 0.031760164 0.031756944 0.000385006 0.031752314 0.000382289 0.031758212 0.031756029 0.000079136 0.000202143 0.031757879 0.000386647 0.000000000 0.031751734 0.031771396 0.031787617 0.000077044 0.000075846 0.030798420 
GA91113    0.031323199 0.000013691 0.030905065 0.030951335 0.031437754 0.031274087 0.030927438 0.031089192 0.031802115 0.030964097 0.031633295 0.031958882 0.031902853 0.000007179 0.000006533 0.000020349 0.000006526 0.031538592 0.000006534 0.000006526 0.006932949 0.000006533 0.000006525 0.001126409 0.031461412 0.000007192 0.000007179 0.031956781 0.000007178 0.000007179 0.000016314 0.000000653 0.000007824 0.031363462 0.000007183 0.031675956 0.000007830 0.000000652 0.031264256 0.031683825 0.000022231 0.031949015 0.031751734 0.000000000 0.000003264 0.000010448 0.031256585 0.031516334 0.000178175 
GA91241    0.031321465 0.000016310 0.030834394 0.030873636 0.031365810 0.031265463 0.030926489 0.031080330 0.031720419 0.030974706 0.031575543 0.031871233 0.031925375 0.000009795 0.000008503 0.000022343 0.000009142 0.031460666 0.000009130 0.000010426 0.006955345 0.000013043 0.000010426 0.001125755 0.031460963 0.000009790 0.000009771 0.031892098 0.000011752 0.000009771 0.000022808 0.000007171 0.000009764 0.031391185 0.000009802 0.031591330 0.000009769 0.000010417 0.031193287 0.031589310 0.000024206 0.031941131 0.031771396 0.000003264 0.000000000 0.000012417 0.031277375 0.031439197 0.000181906 
GA91506    0.030999906 0.000009791 0.030921817 0.030966330 0.031443966 0.030959690 0.030945347 0.030773964 0.031491956 0.030992484 0.031349794 0.031637139 0.031951799 0.000005222 0.000003922 0.000017738 0.000004570 0.031556885 0.000004575 0.000003918 0.006980256 0.000006534 0.000003918 0.001127275 0.031469323 0.000008498 0.000008484 0.031655534 0.000008484 0.000005221 0.000025534 0.000009796 0.000005220 0.031079362 0.000005222 0.031685202 0.000005220 0.000013057 0.031281215 0.031678136 0.000019618 0.031637422 0.031787617 0.000010448 0.000012417 0.000000000 0.031302955 0.031195047 0.000187693 
GA91534    0.001129422 0.031298610 0.001183392 0.001151814 0.001094690 0.001147977 0.001149588 0.001150625 0.000187688 0.001167095 0.000085115 0.000276373 0.000004581 0.031270292 0.031240600 0.031306949 0.031268942 0.000005253 0.031270471 0.031241263 0.029952625 0.031269437 0.031242027 0.027036504 0.000896240 0.031267430 0.031272994 0.000638839 0.031272847 0.031272713 0.031250389 0.031264863 0.031272556 0.000191661 0.031267536 0.000190376 0.031273844 0.031270056 0.000005242 0.000005892 0.031272146 0.000194467 0.000077044 0.031256585 0.031277375 0.031302955 0.000000000 0.000002621 0.030307569 
GA91536    0.001126281 0.031584954 0.001179508 0.001151694 0.001090292 0.001145918 0.001148838 0.001148551 0.000185955 0.001125836 0.000084317 0.000274355 0.000003278 0.031171144 0.031160879 0.031236016 0.031169796 0.000003936 0.031102090 0.031101627 0.029853220 0.031091804 0.031102388 0.027305985 0.000896638 0.031097095 0.031102975 0.000611132 0.031171860 0.031095540 0.031110748 0.031125157 0.031425148 0.000190474 0.031159279 0.000188790 0.031096975 0.031477311 0.000004582 0.000004578 0.031164282 0.000193193 0.000075846 0.031516334 0.031439197 0.031195047 0.000002621 0.000000000 0.030130377 
GA95071    0.030322560 0.000207664 0.030216333 0.030256677 0.030725097 0.030319323 0.030330642 0.030139812 0.030441656 0.030323076 0.030290809 0.030579681 0.030968788 0.000186915 0.000185591 0.000186773 0.000186243 0.030504216 0.000185768 0.000185182 0.006728434 0.000193186 0.000185183 0.001304159 0.030487007 0.000189936 0.000189807 0.030602391 0.000190265 0.000186404 0.000183153 0.000183210 0.000184385 0.030094516 0.000187011 0.030629802 0.000186377 0.000186473 0.030225398 0.030629307 0.000185887 0.030646466 0.030798420 0.000178175 0.000181906 0.000187693 0.030307569 0.030130377 0.000000000 
