26
GA60748    0.000000000 0.002315400 0.002282562 0.002201603 0.002281813 0.000401954 0.000402117 0.155185242 0.000870727 0.000401902 0.062028928 0.000435609 0.000435491 0.000435205 0.002315477 0.001711693 0.000972441 0.000401477 0.002316896 0.000468683 0.001305335 0.001275927 0.000736588 0.001072681 0.000536454 0.010560061 
GA81665    0.002315400 0.000000000 0.000033483 0.000067615 0.000033469 0.000033488 0.000134025 0.153977005 0.000133925 0.002013797 0.064035796 0.000067001 0.000066978 0.002046596 0.000066942 0.000569868 0.000570085 0.002080337 0.000066988 0.002080098 0.002788128 0.001915868 0.002249651 0.000670736 0.000268201 0.009477955 
GA81666    0.002282562 0.000033483 0.000000000 0.000744314 0.000000061 0.000000061 0.000167514 0.154070674 0.000100446 0.001980025 0.064339042 0.000201079 0.000201011 0.002181445 0.000033476 0.001342086 0.000536538 0.002046926 0.000033496 0.002046687 0.002417907 0.002691652 0.002215836 0.000637400 0.000234692 0.009513313 
GA83348    0.002201603 0.000067615 0.000744314 0.000000000 0.000033806 0.000000061 0.000812392 0.155828460 0.001896520 0.000845988 0.062451667 0.000067661 0.000033820 0.000879813 0.000067617 0.000541366 0.001592233 0.000812197 0.000778798 0.000812051 0.002338669 0.000033869 0.001083230 0.001389737 0.000948777 0.009537730 
GA83349    0.002281813 0.000033469 0.000000061 0.000033806 0.000000000 0.000000061 0.000100513 0.154109804 0.000100442 0.001980192 0.064151152 0.000033500 0.000033488 0.002013014 0.000033470 0.000536315 0.000536518 0.002046756 0.000033493 0.002046517 0.002754494 0.001882144 0.002216023 0.000637186 0.000234672 0.009443977 
GA83431    0.000401954 0.000033488 0.000000061 0.000000061 0.000000061 0.000000000 0.000100288 0.154104887 0.000100252 0.000100289 0.061282984 0.000033433 0.000033412 0.000133960 0.000033412 0.000535130 0.000535283 0.000066835 0.000033513 0.000066821 0.000869854 0.000000061 0.000335169 0.000635922 0.000234671 0.009421614 
GA83447    0.000402117 0.000134025 0.000167514 0.000812392 0.000100513 0.000100288 0.000000000 0.154109715 0.000100282 0.000000061 0.061284837 0.000133814 0.000133721 0.000033500 0.000133720 0.001204938 0.000401412 0.000066857 0.000134111 0.000167139 0.000401397 0.000907226 0.000335162 0.000736712 0.000234750 0.009425313 
GA83469    0.155185242 0.153977005 0.154070674 0.155828460 0.154109804 0.154104887 0.154109715 0.000000000 0.154319513 0.154119467 0.001832678 0.153481673 0.154366477 0.154354535 0.154115825 0.154841951 0.154896084 0.154041832 0.153201034 0.154147830 0.153854748 0.154077868 0.154471806 0.154994094 0.154423342 0.164069867 
GA83571    0.000870727 0.000133925 0.000100446 0.001896520 0.000100442 0.000100252 0.000100282 0.154319513 0.000000000 0.000100244 0.062039433 0.000300860 0.000300759 0.000301312 0.000133592 0.001473171 0.000668984 0.000267216 0.000133976 0.000367420 0.000868989 0.001108014 0.000335039 0.000937208 0.000435782 0.009897923 
GA83705    0.000401902 0.002013797 0.001980025 0.000845988 0.001980192 0.000100289 0.000000061 0.154119467 0.000100244 0.000000000 0.061643118 0.000133767 0.000133721 0.000033482 0.002009277 0.001204963 0.000401433 0.000066820 0.002015083 0.000167052 0.000401204 0.000906789 0.000334976 0.000736450 0.000234752 0.009426336 
GA83706    0.062028928 0.064035796 0.064339042 0.062451667 0.064151152 0.061282984 0.061284837 0.001832678 0.062039433 0.061643118 0.000000000 0.060870886 0.061311973 0.061820305 0.064217397 0.061879187 0.061979865 0.061783479 0.063531166 0.061900524 0.061590813 0.062065749 0.062150605 0.062430936 0.061843963 0.070287148 
GA83842A   0.000435609 0.000067001 0.000201079 0.000067661 0.000033500 0.000033433 0.000133814 0.153481673 0.000300860 0.000133767 0.060870886 0.000000000 0.000000061 0.000167476 0.000167110 0.000568986 0.000568950 0.000267433 0.000234506 0.000267377 0.001070587 0.000201375 0.000368820 0.000669636 0.000435972 0.009631073 
GA83842B   0.000435491 0.000066978 0.000201011 0.000033820 0.000033488 0.000033412 0.000133721 0.154366477 0.000300759 0.000133721 0.061311973 0.000000061 0.000000000 0.000167430 0.000167055 0.000769428 0.000568792 0.000267344 0.000234589 0.000267305 0.001070671 0.000201320 0.000569905 0.000870459 0.000637049 0.009624976 
GA83882    0.000435205 0.002046596 0.002181445 0.000879813 0.002013014 0.000133960 0.000033500 0.154354535 0.000301312 0.000033482 0.061820305 0.000167476 0.000167430 0.000000000 0.002214313 0.001241316 0.000435857 0.000267786 0.002215743 0.000368172 0.000938233 0.001107759 0.000368470 0.000771389 0.000435782 0.009646523 
GA87003    0.002315477 0.000066942 0.000033476 0.000067617 0.000033470 0.000033412 0.000133720 0.154115825 0.000133592 0.002009277 0.064217397 0.000167110 0.000167055 0.002214313 0.000000000 0.000568589 0.000568787 0.002075161 0.000066974 0.002074855 0.002781091 0.001915399 0.002249722 0.000669211 0.000268135 0.009453869 
GA87176    0.001711693 0.000569868 0.001342086 0.000541366 0.000536315 0.000535130 0.001204938 0.154841951 0.001473171 0.001204963 0.061879187 0.000568986 0.000769428 0.001241316 0.000568589 0.000000000 0.000000061 0.001171561 0.001376674 0.001406082 0.000803226 0.000537344 0.000838309 0.001373871 0.001343087 0.009323888 
GA87262    0.000972441 0.000570085 0.000536538 0.001592233 0.000536518 0.000535283 0.000401412 0.154896084 0.000668984 0.000401433 0.061979865 0.000568950 0.000568792 0.000435857 0.000568787 0.000000061 0.000000000 0.000368002 0.000570302 0.000602218 0.000000061 0.000537494 0.000033514 0.000569371 0.000536801 0.009326577 
GA87363    0.000401477 0.002080337 0.002046926 0.000812197 0.002046756 0.000066835 0.000066857 0.154041832 0.000267216 0.000066820 0.061783479 0.000267433 0.000267344 0.000267786 0.002075161 0.001171561 0.000368002 0.000000000 0.002081171 0.000000061 0.000734848 0.000872668 0.000401701 0.000702221 0.000301630 0.009386739 
GA87424    0.002316896 0.000066988 0.000033496 0.000778798 0.000033493 0.000033513 0.000134111 0.153201034 0.000133976 0.002015083 0.063531166 0.000234506 0.000234589 0.002215743 0.000066974 0.001376674 0.000570302 0.002081171 0.000000000 0.002080931 0.002788268 0.002726207 0.002251088 0.000671164 0.000268215 0.009482594 
GA87620    0.000468683 0.002080098 0.002046687 0.000812051 0.002046517 0.000066821 0.000167139 0.154147830 0.000367420 0.000167052 0.061900524 0.000267377 0.000267305 0.000368172 0.002074855 0.001406082 0.000602218 0.000000061 0.002080931 0.000000000 0.000936031 0.000872484 0.000401974 0.000702575 0.000301630 0.009487124 
GA87639    0.001305335 0.002788128 0.002417907 0.002338669 0.002754494 0.000869854 0.000401397 0.153854748 0.000868989 0.000401204 0.061590813 0.001070587 0.001070671 0.000938233 0.002781091 0.000803226 0.000000061 0.000734848 0.002788268 0.000936031 0.000000000 0.001679964 0.000066944 0.000936741 0.000872331 0.009661474 
GA87697    0.001275927 0.001915868 0.002691652 0.000033869 0.001882144 0.000000061 0.000907226 0.154077868 0.001108014 0.000906789 0.062065749 0.000201375 0.000201320 0.001107759 0.001915399 0.000537344 0.000537494 0.000872668 0.002726207 0.000872484 0.001679964 0.000000000 0.001142190 0.001445953 0.001042000 0.009459575 
GA91113    0.000736588 0.002249651 0.002215836 0.001083230 0.002216023 0.000335169 0.000335162 0.154471806 0.000335039 0.000334976 0.062150605 0.000368820 0.000569905 0.000368470 0.002249722 0.000838309 0.000033514 0.000401701 0.002251088 0.000401974 0.000066944 0.001142190 0.000000000 0.000368612 0.000570249 0.009072190 
GA91241    0.001072681 0.000670736 0.000637400 0.001389737 0.000637186 0.000635922 0.000736712 0.154994094 0.000937208 0.000736450 0.062430936 0.000669636 0.000870459 0.000771389 0.000669211 0.001373871 0.000569371 0.000702221 0.000671164 0.000702575 0.000936741 0.001445953 0.000368612 0.000000000 0.000873094 0.009465907 
GA91506    0.000536454 0.000268201 0.000234692 0.000948777 0.000234672 0.000234671 0.000234750 0.154423342 0.000435782 0.000234752 0.061843963 0.000435972 0.000637049 0.000435782 0.000268135 0.001343087 0.000536801 0.000301630 0.000268215 0.000301630 0.000872331 0.001042000 0.000570249 0.000873094 0.000000000 0.009586459 
GA95071    0.010560061 0.009477955 0.009513313 0.009537730 0.009443977 0.009421614 0.009425313 0.164069867 0.009897923 0.009426336 0.070287148 0.009631073 0.009624976 0.009646523 0.009453869 0.009323888 0.009326577 0.009386739 0.009482594 0.009487124 0.009661474 0.009459575 0.009072190 0.009465907 0.009586459 0.000000000 
