23
GA54827    0.000000000 0.000084767 0.000053666 0.000293544 0.000042085 0.000044007 0.000044795 0.002103011 0.000025424 0.002465827 0.002218001 0.002354143 0.002347238 0.002130396 0.002241630 0.002103504 0.002102525 0.002364842 0.002353681 0.002100707 0.002602993 0.002353161 0.002360289 
GA67073    0.000084767 0.000000000 0.000038110 0.000353780 0.000045278 0.000045258 0.000047998 0.002178038 0.000082191 0.002523706 0.002280306 0.002436676 0.002410134 0.002193985 0.002320003 0.002166571 0.002163216 0.002426075 0.002445340 0.002166694 0.002673524 0.002419732 0.002422023 
GA71389    0.000053666 0.000038110 0.000000000 0.000314540 0.000004430 0.000004430 0.000006983 0.002123613 0.000051754 0.002486262 0.002254420 0.002381437 0.002370576 0.002169055 0.002262339 0.002130534 0.002137139 0.002386064 0.002392743 0.002131183 0.002646824 0.002381932 0.002395523 
GA71621    0.000293544 0.000353780 0.000314540 0.000000000 0.000311775 0.000310378 0.000314213 0.002047449 0.000295115 0.002406908 0.002164245 0.002303149 0.002301599 0.002314099 0.002375962 0.002058876 0.002048063 0.002311663 0.002294925 0.002052136 0.002554153 0.002302688 0.002304219 
GA71663    0.000042085 0.000045278 0.000004430 0.000311775 0.000000000 0.000001266 0.000003809 0.002124256 0.000040171 0.002487956 0.002244444 0.002390964 0.002372006 0.002153338 0.002263655 0.002126028 0.002127224 0.002387913 0.002394363 0.002126680 0.002630938 0.002377347 0.002386121 
GA74349    0.000044007 0.000045258 0.000004430 0.000310378 0.000001266 0.000000000 0.000003807 0.002128576 0.000042101 0.002489865 0.002244598 0.002377731 0.002376234 0.002157261 0.002267564 0.002129955 0.002128686 0.002391585 0.002376346 0.002128123 0.002630644 0.002378716 0.002387488 
GA76006    0.000044795 0.000047998 0.000006983 0.000314213 0.000003809 0.000003807 0.000000000 0.002131545 0.000042886 0.002494212 0.002249714 0.002389514 0.002385243 0.002164592 0.002270871 0.002132964 0.002138991 0.002395144 0.002382699 0.002138459 0.002642858 0.002384111 0.002392619 
GA78317    0.002103011 0.002178038 0.002123613 0.002047449 0.002124256 0.002128576 0.002131545 0.000000000 0.002095870 0.000264255 0.000089221 0.000195693 0.000185482 0.000910692 0.000416134 0.000011991 0.000009388 0.000192523 0.000185425 0.000011955 0.000376407 0.000183459 0.000187154 
GA78869    0.000025424 0.000082191 0.000051754 0.000295115 0.000040171 0.000042101 0.000042886 0.002095870 0.000000000 0.002504234 0.002210729 0.002399904 0.002342373 0.002129333 0.002268538 0.002151686 0.002095865 0.002368096 0.002358457 0.002099947 0.002648040 0.002398072 0.002359913 
GA79872    0.002465827 0.002523706 0.002486262 0.002406908 0.002487956 0.002489865 0.002494212 0.000264255 0.002504234 0.000000000 0.000352301 0.000088286 0.000083048 0.001232932 0.000733207 0.000271376 0.000267703 0.000089475 0.000082385 0.000273362 0.000154930 0.000081880 0.000086323 
GA81213    0.002218001 0.002280306 0.002254420 0.002164245 0.002244444 0.002244598 0.002249714 0.000089221 0.002210729 0.000352301 0.000000000 0.000273759 0.000272085 0.001014498 0.000319459 0.000093939 0.000091149 0.000279485 0.000281005 0.000095592 0.000469655 0.000272317 0.000275873 
GA81566    0.002354143 0.002436676 0.002381437 0.002303149 0.002390964 0.002377731 0.002389514 0.000195693 0.002399904 0.000088286 0.000273759 0.000000000 0.000014484 0.001138986 0.000645999 0.000194864 0.000186196 0.000013901 0.000005674 0.000190816 0.000187979 0.000005048 0.000008845 
GA83357    0.002347238 0.002410134 0.002370576 0.002301599 0.002372006 0.002376234 0.002385243 0.000185482 0.002342373 0.000083048 0.000272085 0.000014484 0.000000000 0.001132229 0.000620110 0.000191851 0.000186668 0.000012623 0.000008188 0.000191068 0.000189001 0.000005689 0.000009467 
GA83841    0.002130396 0.002193985 0.002169055 0.002314099 0.002153338 0.002157261 0.002164592 0.000910692 0.002129333 0.001232932 0.001014498 0.001138986 0.001132229 0.000000000 0.001088072 0.000913250 0.000911200 0.001142644 0.001138285 0.000909321 0.001364748 0.001131460 0.001138007 
GA83874    0.002241630 0.002320003 0.002262339 0.002375962 0.002263655 0.002267564 0.002270871 0.000416134 0.002268538 0.000733207 0.000319459 0.000645999 0.000620110 0.001088072 0.000000000 0.000450298 0.000418417 0.000626961 0.000617987 0.000423915 0.000859188 0.000643464 0.000620889 
GA87364    0.002103504 0.002166571 0.002130534 0.002058876 0.002126028 0.002129955 0.002132964 0.000011991 0.002151686 0.000271376 0.000093939 0.000194864 0.000191851 0.000913250 0.000450298 0.000000000 0.000013257 0.000197052 0.000189897 0.000011365 0.000383238 0.000189392 0.000193658 
GA87536    0.002102525 0.002163216 0.002137139 0.002048063 0.002127224 0.002128686 0.002138991 0.000009388 0.002095865 0.000267703 0.000091149 0.000186196 0.000186668 0.000911200 0.000418417 0.000013257 0.000000000 0.000193869 0.000186796 0.000015087 0.000379437 0.000186777 0.000190421 
GA87640    0.002364842 0.002426075 0.002386064 0.002311663 0.002387913 0.002391585 0.002395144 0.000192523 0.002368096 0.000089475 0.000279485 0.000013901 0.000012623 0.001142644 0.000626961 0.000197052 0.000193869 0.000000000 0.000013846 0.000198433 0.000081953 0.000010092 0.000004409 
GA87672    0.002353681 0.002445340 0.002392743 0.002294925 0.002394363 0.002376346 0.002382699 0.000185425 0.002358457 0.000082385 0.000281005 0.000005674 0.000008188 0.001138285 0.000617987 0.000189897 0.000186796 0.000013846 0.000000000 0.000191327 0.000197366 0.000005672 0.000009440 
GA87801    0.002100707 0.002166694 0.002131183 0.002052136 0.002126680 0.002128123 0.002138459 0.000011955 0.002099947 0.000273362 0.000095592 0.000190816 0.000191068 0.000909321 0.000423915 0.000011365 0.000015087 0.000198433 0.000191327 0.000000000 0.000383903 0.000190870 0.000195035 
GA87875    0.002602993 0.002673524 0.002646824 0.002554153 0.002630938 0.002630644 0.002642858 0.000376407 0.002648040 0.000154930 0.000469655 0.000187979 0.000189001 0.001364748 0.000859188 0.000383238 0.000379437 0.000081953 0.000197366 0.000383903 0.000000000 0.000074716 0.000078672 
GA91534    0.002353161 0.002419732 0.002381932 0.002302688 0.002377347 0.002378716 0.002384111 0.000183459 0.002398072 0.000081880 0.000272317 0.000005048 0.000005689 0.001131460 0.000643464 0.000189392 0.000186777 0.000010092 0.000005672 0.000190870 0.000074716 0.000000000 0.000007566 
GA91536    0.002360289 0.002422023 0.002395523 0.002304219 0.002386121 0.002387488 0.002392619 0.000187154 0.002359913 0.000086323 0.000275873 0.000008845 0.000009467 0.001138007 0.000620889 0.000193658 0.000190421 0.000004409 0.000009440 0.000195035 0.000078672 0.000007566 0.000000000 
